0.61929107
1.4568492
2.3662133
3.4050868
4.079301
4.538915
4.8732514
5.127701
5.341738
5.515047
5.6579914
5.777213
5.8776035
5.962926
6.0360346
6.0991735
6.1540527
6.2020326
6.2441926
0.78265595
1.524504
2.425882
3.4199657
4.0867767
4.54332
4.876165
5.1298494
5.343283
5.5161967
5.658876
5.777898
5.878145
5.9633527
6.036386
6.0994587
6.1542897
6.202229
6.244359
0.92751527
1.5415009
2.4924626
3.4342685
4.0941906
4.547707
4.8790674
5.1319923
5.344818
5.5173526
5.6597557
5.7785797
5.878684
5.9637856
6.036735
6.0997434
6.154525
6.202422
6.2445183
0.9681182
1.5564079
2.4650128
3.4482548
4.1015377
4.5520663
4.881961
5.1341243
5.346355
5.5185013
5.660632
5.779261
5.8792253
5.964214
6.037083
6.1000304
6.1547585
6.202618
6.2446804
1.0089997
1.612667
2.471457
3.4612534
4.108828
4.556408
4.884844
5.1362543
5.3478866
5.5196514
5.661513
5.779945
5.879764
5.9646473
6.037433
6.1003137
6.1549945
6.2028155
6.244851
1.04925
1.6586214
2.5087712
3.475045
4.116059
4.5607285
4.887719
5.1383753
5.3494134
5.520793
5.6623864
5.780628
5.880301
5.965077
6.0377793
6.100595
6.1552286
6.2030096
6.2450137
1.090308
1.6663252
2.5904112
3.4882739
4.123234
4.565029
4.890583
5.14049
5.3509336
5.521935
5.6632614
5.781305
5.880841
5.965506
6.0381274
6.1008825
6.1554604
6.203205
6.245179
1.0908906
1.6920073
2.6045547
3.5013595
4.1303525
4.5684366
4.893439
5.1425996
5.35246
5.523076
5.664134
5.781988
5.8813715
5.965935
6.038472
6.101168
6.1556997
6.2034006
6.245336
1.1188371
1.7194259
2.6807215
3.5135696
4.137416
4.5729003
4.8962812
5.1446996
5.353974
5.524215
5.665004
5.7826624
5.8819094
5.9663625
6.038824
6.1014514
6.1559305
6.2035956
6.2455025
1.124128
1.7287807
2.7019682
3.5254385
4.1444283
4.5772266
4.899116
5.1467943
5.3554854
5.52535
5.665874
5.7833405
5.882445
5.966788
6.0391674
6.1017356
6.1561666
6.2037883
6.2456656
1.1585017
1.7739823
2.6494224
3.53633
4.1513853
4.581502
4.9019423
5.148884
5.356999
5.52648
5.666748
5.7840233
5.882976
5.96722
6.039511
6.1020193
6.156396
6.2039824
6.245826
1.2249049
1.7697477
2.7149773
3.549586
4.158294
4.5857434
4.904757
5.150964
5.3585067
5.5276165
5.6676106
5.784694
5.883509
5.9676476
6.039859
6.1022964
6.1566334
6.204179
6.245991
1.2833767
1.8070226
2.6768904
3.4212139
4.1651483
4.589954
4.907565
5.153042
5.360009
5.528745
5.6684723
5.7853694
5.884048
5.968072
6.0402026
6.1025844
6.156861
6.204373
6.2461543
1.3597435
1.859253
2.697929
3.4807434
4.1719537
4.5941415
4.91036
5.1551056
5.361512
5.5298743
5.669341
5.7860436
5.884577
5.9684935
6.0405517
6.1028666
6.157095
6.2045665
6.246315
1.3674295
1.9031572
2.7519581
3.5127206
4.17871
4.598306
4.9131474
5.1571736
5.363005
5.5309987
5.6702027
5.7867117
5.885103
5.968922
6.040893
6.103146
6.15733
6.204759
6.246481
1.4035238
1.9203963
2.8377123
3.5368865
4.185419
4.6024456
4.915927
5.15923
5.364496
5.5321236
5.67107
5.787387
5.8856435
5.96935
6.041242
6.103427
6.157563
6.204954
6.246644
1.4167389
1.9528627
2.8663366
3.557333
4.192079
4.606378
4.918695
5.1612773
5.3659935
5.533244
5.671923
5.7880554
5.886172
5.9697733
6.041582
6.103709
6.157795
6.2051497
6.246803
1.4690489
2.0043879
2.8866394
3.575334
4.198692
4.610512
4.921456
5.1633234
5.367479
5.53436
5.672785
5.788724
5.886701
5.9701967
6.0419245
6.1039896
6.158031
6.2053394
6.2469654
1.4237567
2.0456767
2.9068918
3.591813
4.2046127
4.614609
4.9242063
5.165361
5.368963
5.5354805
5.673641
5.7893963
5.8872266
5.9706216
6.0422645
6.104269
6.1582603
6.205534
6.2471285
1.5131124
2.0570552
2.9264264
3.6076941
4.2112956
4.6186805
4.926947
5.167393
5.3704443
5.536593
5.6744947
5.7900615
5.887758
5.9710393
6.0426106
6.104549
6.1584907
6.2057242
6.247288
1.5496674
2.0559652
3.001492
3.622694
4.2174807
4.6227274
4.9296784
5.1694217
5.3719206
5.5377064
5.675353
5.7907257
5.8882823
5.971464
6.042955
6.104832
6.158725
6.2059183
6.247452
1.5481727
1.9849536
2.9942148
3.6370325
4.224084
4.626754
4.9324007
5.1714396
5.373393
5.538818
5.676205
5.7913938
5.888809
5.97189
6.043298
6.105111
6.158958
6.2061133
6.247614
1.5748875
2.0229552
3.0485184
3.650184
4.230545
4.6307616
4.9351163
5.173019
5.3748636
5.5399256
5.6770587
5.7920594
5.889338
5.9723096
6.04364
6.105387
6.1591883
6.2063055
6.247777
1.634986
2.0121422
3.0534873
3.6636853
4.2369413
4.634747
4.93782
5.17511
5.37633
5.5410314
5.6779065
5.7927184
5.8898644
5.972732
6.043979
6.105673
6.1594176
6.2064943
6.2479396
1.7214953
2.0881584
3.0580134
3.6757355
4.243284
4.6387167
4.9405146
5.177151
5.3777957
5.5421367
5.6787553
5.7933803
5.8903856
5.973154
6.0443234
6.1059523
6.1596503
6.206688
6.2481008
1.6861929
2.1405063
2.9757683
3.6881244
4.2495766
4.642666
4.943202
5.17917
5.379255
5.5432386
5.6796017
5.794049
5.89091
5.9735694
6.044665
6.1062293
6.1598783
6.2068806
6.248258
1.6691121
2.1799018
3.0331767
3.6999445
4.2558203
4.6465955
4.945886
5.1811786
5.3807125
5.5443387
5.6804476
5.79471
5.891434
5.9739923
6.0450034
6.106509
6.160109
6.2070737
6.248418
1.730693
2.1986299
3.0608351
3.712204
4.26133
4.650509
4.948552
5.18318
5.3821707
5.5454373
5.6812963
5.7953715
5.8919544
5.9744096
6.0453424
6.1067886
6.1603413
6.2072663
6.24858
1.7610571
2.1883457
3.0787175
3.72434
4.267707
4.6544037
4.9512153
5.185171
5.3836184
5.546535
5.682136
5.7960267
5.892477
5.974829
6.045682
6.1070657
6.1605744
6.207457
6.2487416
1.7553744
2.2521553
3.097859
3.7353332
4.272639
4.658279
4.953868
5.1871543
5.3850694
5.5476303
5.68298
5.7966866
5.8929973
5.975253
6.0460196
6.1073465
6.1607985
6.2076464
6.2489023
