0.5813877
1.2781749
1.9942096
2.8643305
3.3900661
3.808093
4.1118493
4.343316
4.5281286
4.6781774
4.780002
4.898859
4.9889402
5.064568
5.1289787
5.1844
5.232469
5.2744236
5.311244
0.70608354
1.3371016
1.9562856
2.9381704
3.3977728
3.8122404
4.114539
4.345188
4.529465
4.6791763
4.781319
4.899487
4.989419
5.064949
5.129287
5.18465
5.232674
5.2745957
5.311387
0.77446496
1.3567268
2.054027
2.9073021
3.4048188
3.8163562
4.117207
4.347048
4.5307965
4.6801753
4.7825837
4.9001107
4.9899006
5.0653286
5.1295905
5.1849017
5.23288
5.2747645
5.311532
0.8937767
1.3769749
1.9659638
2.9087386
3.4111383
3.8204436
4.1198516
4.348895
4.532121
4.6811676
4.7838097
4.9007297
4.990382
5.0657115
5.129901
5.1851516
5.233088
5.2749386
5.3116755
0.9421121
1.3578559
1.9979244
2.903171
3.272601
3.824505
4.1224813
4.350733
4.533451
4.682162
4.7849984
4.9013505
4.990861
5.0660906
5.130206
5.1854
5.2332897
5.2751064
5.311819
0.9532662
1.4254166
1.9693311
2.9200258
3.3201292
3.8285408
4.125097
4.352564
4.53477
4.6831527
4.786155
4.9019685
4.9913406
5.06647
5.13051
5.1856494
5.2334957
5.275275
5.311958
0.9867203
1.4346192
2.0111976
2.9268575
3.3450422
3.8321753
4.1276965
4.3543854
4.5360904
4.684143
4.787287
4.9025865
4.991818
5.066851
5.1308155
5.185899
5.233703
5.2754493
5.3121037
0.9980862
1.4119147
2.0569494
2.7725065
3.3634222
3.8362317
4.130289
4.356203
4.5374093
4.685129
4.788395
4.903207
4.9922934
5.067228
5.131123
5.1861486
5.233908
5.2756176
5.3122478
1.0283228
1.4250954
2.0971115
2.8882992
3.3784363
3.84023
4.132866
4.3580117
4.5387225
4.6861157
4.789483
4.903823
4.99277
5.067606
5.1314287
5.1863976
5.2341113
5.2757864
5.31239
1.0776542
1.4731482
2.1390994
2.9036095
3.3909457
3.8441956
4.135435
4.3598156
4.5400314
4.687099
4.7905498
4.904437
4.9932475
5.0679836
5.131731
5.186649
5.2343163
5.275958
5.312531
1.0681477
1.4832336
2.0388138
2.922417
3.402799
3.8481307
4.13799
4.3616147
4.541338
4.688079
4.791598
4.905055
4.993721
5.068359
5.1320367
5.1868935
5.234522
5.2761283
5.312671
1.1018815
1.5191828
2.1424222
2.9358811
3.4136727
3.852041
4.1405363
4.3634024
4.5426426
4.6890607
4.792633
4.9056635
4.9941964
5.068738
5.1323385
5.187142
5.2347236
5.276297
5.3128147
1.1215231
1.5152719
2.117663
2.9482563
3.4237833
3.8559272
4.1430707
4.3651876
4.543944
4.6900377
4.793649
4.906279
4.9946713
5.0691137
5.132645
5.1873894
5.234927
5.276468
5.3129573
1.1320443
1.5464641
2.162721
2.9594488
3.4327512
3.859787
4.145597
4.3669705
4.5452447
4.691015
4.794656
4.906888
4.995146
5.069492
5.132943
5.1876383
5.2351317
5.276636
5.3131
1.1647438
1.5628706
2.162108
2.9722533
3.4420295
3.8636277
4.1481123
4.3687434
4.546537
4.6919875
4.795651
4.9075007
4.995619
5.0698667
5.133249
5.1878824
5.2353354
5.2768064
5.3132405
1.1576552
1.6108123
2.1722054
2.9827058
3.4508164
3.8674433
4.1506176
4.370513
4.547832
4.692961
4.7966313
4.907569
4.996092
5.0702424
5.133551
5.1881313
5.2355404
5.2769747
5.313381
1.1966742
1.6194298
2.2154398
2.9936953
3.4589458
3.8712397
4.1531134
4.3722763
4.549123
4.6939316
4.7976027
4.9082747
4.996562
5.0706167
5.1338515
5.188378
5.235743
5.2771435
5.3135233
1.1856462
1.6282259
2.2036939
3.004826
3.4671845
3.8750145
4.1556005
4.374037
4.550412
4.694902
4.798562
4.9089212
4.9970336
5.0709915
5.1341543
5.1886225
5.2359457
5.2773128
5.3136673
1.2939062
1.6666014
2.3103845
3.0034797
3.475149
3.8787677
4.158078
4.375792
4.551694
4.695867
4.7995176
4.9095535
4.997503
5.0713654
5.1344566
5.188869
5.23615
5.277482
5.313807
1.3397651
1.6954325
2.2554438
3.0181928
3.4825218
3.8825018
4.160547
4.377538
4.552978
4.696833
4.8004584
4.9101777
4.9979753
5.0717382
5.1347604
5.189115
5.2363515
5.2776494
5.313949
1.3647015
1.690534
2.3113263
3.03006
3.4901538
3.886216
4.1630034
4.3792815
4.5542555
4.697794
4.801393
4.9107966
4.9984417
5.07211
5.135061
5.189361
5.236554
5.2778187
5.3140893
1.3615193
1.7278008
2.2956371
3.0403228
3.497489
3.8899093
4.165457
4.3810205
4.555529
4.6987576
4.802321
4.911412
4.998911
5.072485
5.1353593
5.189607
5.236757
5.2779856
5.3142304
1.380534
1.7044538
2.3404944
3.0506797
3.5047605
3.8935823
4.1678953
4.3827543
4.556803
4.6997166
4.803243
4.912024
4.9993806
5.0728564
5.135662
5.189854
5.236959
5.2781568
5.314371
1.3834714
1.7447591
2.295046
2.9717228
3.5104806
3.8972392
4.170328
4.3844843
4.558075
4.7006726
4.8041553
4.912636
4.9998446
5.073226
5.1359625
5.190095
5.2371645
5.278324
5.314511
1.414008
1.7493068
2.3346052
3.015042
3.5175345
3.9008756
4.1718044
4.3862076
4.559341
4.7016273
4.8050613
4.9132447
5.000311
5.073599
5.136262
5.1903443
5.237365
5.278491
5.31465
1.4325274
1.7937328
2.3682609
3.0303612
3.5246406
3.9044936
4.1744046
4.3879247
4.560605
4.702584
4.805963
4.913851
5.0007806
5.073969
5.1365585
5.1905885
5.237568
5.278659
5.3147926
1.4201908
1.8095895
2.348031
3.048689
3.5315146
3.9080915
4.1769023
4.389639
4.5618687
4.703534
4.806856
4.9144545
5.0012445
5.07434
5.136854
5.1908336
5.237767
5.2788267
5.3149333
1.4596007
1.8520184
2.3917468
3.0631027
3.5382416
3.911674
4.179355
4.39135
4.563126
4.7044854
4.807743
4.915059
5.0017104
5.0747113
5.137157
5.1910806
5.2379704
5.278995
5.315073
1.4701029
1.8751832
2.4238896
3.0768652
3.5438569
3.9152353
4.1817875
4.3930545
4.564382
4.705436
4.808627
4.9156585
5.002174
5.075081
5.137459
5.1913223
5.2381725
5.2791653
5.3152165
1.5227176
1.9129188
2.4499347
3.0895033
3.549621
3.9187796
4.1842027
4.394755
4.565638
4.706383
4.809507
4.9162602
5.0026393
5.075449
5.137754
5.1915665
5.2383723
5.279331
5.315355
